$ 0 0.000005 1.0312258501325766 50 5 50
R -1072 -1008 -1136 -1008 0 0 40 5 0 0 0.5
s -928 -1008 -928 -848 0 0 false
w -1072 -848 -1072 -816 0
s -1072 -1008 -1072 -848 0 0 false
s -1024 -1008 -1024 -848 0 0 false
s -976 -1008 -976 -848 0 0 false
x -1080 -1021 -1064 -1018 4 24 A
x -1025 -1020 -1009 -1017 4 24 B
x -981 -1020 -964 -1017 4 24 C
x -934 -1021 -917 -1018 4 24 D
w -928 -848 -928 -752 0
w -880 -656 -880 -128 0
w -832 -656 -832 -112 0
w -784 -656 -784 -528 0
I -880 -752 -880 -656 0 0.5 5
I -832 -752 -832 -656 0 0.5 5
I -784 -752 -784 -656 0 0.5 5
I -736 -752 -736 -656 0 0.5 5
w -1072 -816 -880 -816 0
w -880 -816 -880 -752 0
w -1024 -848 -1024 -800 0
w -1024 -800 -832 -800 0
w -832 -800 -832 -752 0
w -976 -848 -976 -784 0
w -976 -784 -784 -784 0
w -784 -784 -784 -752 0
w -928 -752 -928 -464 0
w -928 -752 -736 -752 0
w -1072 -1008 -1024 -1008 0
w -1024 -1008 -976 -1008 0
w -976 -1008 -928 -1008 0
w -1072 -816 -1072 -608 0
w -1024 -800 -1024 -576 0
w -976 -784 -976 -384 0
x -891 -831 -871 -828 4 24 A'
x -846 -831 -826 -828 4 24 B'
x -801 -831 -780 -828 4 24 C'
x -753 -830 -732 -827 4 24 D'
w -1024 -576 -1024 -496 0
w -784 -528 -784 -496 0
w -1072 -608 -1072 -544 0
w -1072 -544 -1072 -432 0
w -1024 -496 -1024 -416 0
w -784 -496 -784 224 0
w -736 -656 -736 -640 0
154 -704 -272 -608 -272 0 2 0 5
154 -704 -208 -608 -208 0 2 0 5
w -1024 -288 -704 -288 0
w -928 -256 -704 -256 0
w -1072 -224 -704 -224 0
w -976 -192 -704 -192 0
w -1024 -416 -1024 -288 0
w -976 -384 -976 -192 0
w -928 -464 -928 -352 0
w -416 -240 -96 -240 0
w -832 -112 -832 224 0
w -880 -128 -880 -16 0
w -928 -352 -928 -256 0
I -608 -272 -512 -272 0 0.5 5
I -608 -208 -512 -208 0 0.5 5
150 -512 -240 -416 -240 0 2 5 5
x -351 -255 -263 -252 4 24 N1\s\q\sN2
x -360 -545 -272 -542 4 24 N1\s>\sN2
x -345 -18 -257 -15 4 24 N1\s<\sN2
w -416 0 -96 0 0
w -512 16 -512 112 0
w -512 -112 -512 -16 0
152 -512 0 -416 0 0 3 0 5
150 -608 112 -512 112 0 3 0 5
154 -704 160 -608 160 0 2 0 5
w -976 96 -608 96 0
w -928 112 -608 112 0
w -1072 144 -704 144 0
w -1024 176 -704 176 0
w -608 160 -608 128 0
150 -608 0 -512 0 0 3 0 5
154 -704 48 -608 48 0 2 0 5
w -880 -16 -608 -16 0
w -976 0 -608 0 0
w -1024 32 -704 32 0
w -928 64 -704 64 0
w -608 48 -608 16 0
w -608 -64 -608 -96 0
w -928 -48 -704 -48 0
w -976 -80 -704 -80 0
w -832 -112 -608 -112 0
w -880 -128 -608 -128 0
154 -704 -64 -608 -64 0 2 0 5
150 -608 -112 -512 -112 0 3 0 5
w -928 -256 -928 -48 0
w -976 -192 -976 -80 0
w -1072 -432 -1072 -224 0
w -1024 -288 -1024 32 0
w -736 -640 -736 224 0
w -976 96 -976 224 0
w -928 -48 -928 64 0
w -1024 32 -1024 176 0
152 -512 -528 -416 -528 0 3 0 5
150 -608 -640 -512 -640 0 3 0 5
154 -704 -592 -608 -592 0 2 0 5
w -784 -656 -608 -656 0
w -736 -640 -608 -640 0
w -608 -592 -608 -624 0
w -704 -608 -1072 -608 0
w -1024 -576 -704 -576 0
w -928 -464 -704 -464 0
w -704 -496 -1024 -496 0
w -608 -480 -608 -512 0
w -784 -528 -608 -528 0
w -1072 -544 -608 -544 0
154 -704 -480 -608 -480 0 2 0 5
150 -608 -528 -512 -528 0 3 0 5
w -928 -352 -704 -352 0
w -704 -384 -976 -384 0
w -608 -368 -608 -400 0
w -1024 -416 -608 -416 0
w -1072 -432 -608 -432 0
154 -704 -368 -608 -368 0 2 0 5
150 -608 -416 -512 -416 0 3 0 5
w -512 -640 -512 -544 0
w -512 -512 -512 -416 0
w -416 -528 -96 -528 0
w -512 -272 -512 -256 0
w -512 -208 -512 -224 0
w -1072 -224 -1072 144 0
w -1072 144 -1072 224 0
w -1024 176 -1024 224 0
w -976 -80 -976 0 0
w -976 0 -976 96 0
w -928 64 -928 112 0
w -928 112 -928 224 0
w -880 -16 -880 224 0
x -1058 -1052 -1028 -1049 4 24 N1
x -966 -1051 -936 -1048 4 24 N2
x -597 -813 -167 -810 4 35 CIRCUITO\sCOMPARADOR
