$ 0 0.000005 1.0312258501325766 50 5 50
157 752 -128 880 -128 0 7 0 0
R -384 -800 -448 -800 0 0 40 5 0 0 0.5
s -240 -800 -240 -640 0 0 false
w -384 -640 -384 -608 0
s -384 -800 -384 -640 0 0 false
s -336 -800 -336 -640 0 1 false
s -288 -800 -288 -640 0 1 false
x -392 -813 -376 -810 4 24 A
x -337 -812 -321 -809 4 24 B
x -293 -812 -276 -809 4 24 C
x -246 -813 -229 -810 4 24 D
150 144 -416 368 -416 0 2 0 5
150 144 -320 368 -320 0 2 0 5
w -240 -640 -240 -544 0
w -192 -448 -192 -240 0
w -144 -448 -144 -336 0
w -96 -448 -96 -224 0
I -192 -544 -192 -448 0 0.5 5
I -144 -544 -144 -448 0 0.5 5
I -96 -544 -96 -448 0 0.5 5
I -48 -544 -48 -448 0 0.5 5
w -48 -448 -48 -304 0
w -384 -608 -192 -608 0
w -192 -608 -192 -544 0
w -336 -640 -336 -592 0
w -336 -592 -144 -592 0
w -144 -592 -144 -544 0
w -288 -640 -288 -576 0
w -288 -576 -96 -576 0
w -96 -576 -96 -544 0
w -240 -544 -240 -400 0
w -240 -544 -48 -544 0
w -384 -800 -336 -800 0
w -336 -800 -288 -800 0
w -288 -800 -240 -800 0
w -384 -608 -384 -464 0
w -336 -592 -336 -432 0
w -288 -576 -288 -368 0
x -203 -623 -183 -620 4 24 A'
x -158 -623 -138 -620 4 24 B'
x -113 -623 -92 -620 4 24 C'
x -65 -622 -44 -619 4 24 D'
w -336 -432 -336 -144 0
w -336 -432 144 -432 0
w -240 -400 -240 -112 0
w -240 -400 144 -400 0
w -144 -336 -144 -272 0
w -144 -336 144 -336 0
w -48 -304 -48 -208 0
w -48 -304 144 -304 0
152 496 -352 704 -352 0 4 5 5
w 368 -416 368 -400 0
w 368 -336 496 -336 0
w 368 -320 496 -320 0
w 368 -400 368 -336 0
w -384 -464 -384 -176 0
w -384 -464 496 -464 0
w 496 -464 496 -384 0
w -288 -368 496 -368 0
w -288 -368 -288 -128 0
x 696 -365 709 -362 4 24 a
w 704 -352 704 -128 0
w 704 -128 752 -128 0
x 295 -423 328 -420 4 24 BD
x 297 -330 339 -327 4 24 B'D'
x 535 -396 551 -393 4 24 A
x 426 -378 443 -375 4 24 C
w 368 -240 544 -240 0
w 752 -96 656 -96 0
w 656 -96 656 -208 0
152 544 -208 656 -208 0 4 5 5
x 535 -252 555 -249 4 24 B'
w -384 -176 320 -176 0
w 368 -176 368 -128 0
150 144 -128 368 -128 0 3 0 5
w -192 -240 -192 48 0
w -192 -240 128 -240 0
w -96 -224 -96 -16 0
w -96 -224 128 -224 0
w -48 -208 -48 176 0
w -48 -208 128 -208 0
150 128 -224 384 -224 0 3 0 5
w 544 -224 384 -224 0
w 544 -176 368 -176 0
w 144 -144 -336 -144 0
w -336 -144 -336 -80 0
w 144 -128 -288 -128 0
w -288 -128 -288 64 0
w -240 -112 -240 80 0
w 144 -112 -240 -112 0
x 297 -234 361 -231 4 24 A'C'D'
x 297 -138 347 -135 4 24 BCD
w -144 -272 -144 -48 0
w -144 -272 368 -272 0
w 368 -272 368 -240 0
x 538 -202 554 -199 4 24 A
w 656 -64 752 -64 0
152 544 32 656 32 0 4 5 5
w 656 32 656 -64 0
w -336 -80 496 -80 0
w 496 -80 496 0 0
w 496 0 544 0 0
w -336 -80 -336 368 0
w 320 -176 352 -192 0
w 352 -192 544 -192 0
w -384 -176 -384 16 0
x 648 -221 661 -218 4 24 b
x 647 60 659 63 4 24 c
150 144 -32 368 -32 0 2 5 5
w 368 -32 368 16 0
w 368 16 544 16 0
w -144 -48 -144 240 0
w -144 -48 144 -48 0
w -96 -16 -96 448 0
w -96 -16 144 -16 0
w 160 48 -192 48 0
150 160 64 352 64 0 3 0 5
w -288 64 160 64 0
w -240 80 160 80 0
w 544 48 384 48 0
w 384 48 336 16 0
w 336 16 -384 16 0
w 352 64 544 64 0
w -192 48 -192 528 0
w -240 80 -240 464 0
w -288 64 -288 272 0
w -384 16 -384 144 0
x 538 -10 554 -7 4 24 B
x 538 38 554 41 4 24 A
x 297 -42 339 -39 4 24 B'C'
x 297 54 352 57 4 24 A'CD
152 496 192 704 192 0 6 0 5
w 752 -32 704 -32 0
w 704 -32 704 192 0
150 144 160 368 160 0 2 0 5
w 368 144 496 144 0
w -384 144 144 144 0
w -48 176 144 176 0
w -48 176 -48 560 0
w -384 144 -384 336 0
150 144 256 368 256 0 2 0 5
w -144 240 144 240 0
w -288 272 144 272 0
150 160 352 352 352 0 2 0 5
w -384 336 160 336 0
w -336 368 160 368 0
w 400 256 400 176 0
w 400 176 496 176 0
w 496 160 384 160 0
w 384 160 384 352 0
w 384 352 352 352 0
w 400 256 368 256 0
w 368 144 368 160 0
w 496 208 416 208 0
w 416 208 416 448 0
w 496 224 432 224 0
w 432 224 432 544 0
w 496 240 448 240 0
w 448 240 448 640 0
150 176 448 336 448 0 3 0 5
w 416 448 336 448 0
150 176 544 336 544 0 3 0 5
w 432 544 336 544 0
150 176 640 336 640 0 3 0 5
w 448 640 336 640 0
w -336 432 176 432 0
w -96 448 176 448 0
w -240 464 176 464 0
w -192 528 176 528 0
w -144 544 176 544 0
w -48 560 176 560 0
w -192 624 176 624 0
w -288 640 176 640 0
w -48 656 176 656 0
w -48 656 -48 688 0
w -48 560 -48 656 0
w -96 448 -96 736 0
w -144 240 -144 544 0
w -288 272 -288 640 0
w -192 528 -192 624 0
w -144 544 -144 784 0
w -240 464 -240 880 0
w -336 368 -336 432 0
w -336 432 -336 976 0
w -384 336 -384 1024 0
w -192 624 -192 832 0
w -288 640 -288 928 0
x 297 150 334 153 4 24 AD'
x 297 246 334 249 4 24 B'C
x 297 342 329 345 4 24 AB
x 297 438 352 441 4 24 BC'D
x 297 534 360 537 4 24 A'B'D'
x 297 630 356 633 4 24 A'CD'
x 697 225 710 228 4 24 d
152 768 384 768 272 0 4 0 5
w -48 688 512 688 0
w -96 736 896 736 0
w -144 784 688 784 0
w -192 832 672 832 0
w -240 880 1424 880 0
w -288 928 784 928 0
w -336 976 608 976 0
w -384 1024 480 1024 0
w 816 0 816 272 0
w 480 1024 480 560 0
w 512 688 512 560 0
150 496 560 496 432 0 2 0 5
w 816 272 768 272 0
150 592 560 592 432 0 2 0 5
150 688 560 688 432 0 3 0 5
150 784 560 784 432 0 3 0 5
w 752 400 592 400 0
w 688 416 784 416 0
w 576 560 576 1024 0
w 608 560 608 976 0
w 672 560 672 832 0
w 688 560 688 784 0
w 704 560 704 688 0
w 768 560 768 832 0
w 784 560 784 928 0
w 800 560 800 688 0
w 512 688 704 688 0
w 704 688 800 688 0
w 800 688 992 688 0
w 688 784 1248 784 0
w 672 832 768 832 0
w 768 832 960 832 0
w 784 928 1072 928 0
w 608 976 864 976 0
w 480 1024 576 1024 0
w 576 1024 1024 1024 0
w 496 384 496 432 0
152 912 384 912 272 0 4 5 5
w 848 0 848 272 0
w 848 272 912 272 0
w 896 432 976 432 0
150 880 560 880 432 0 2 0 5
w 880 384 880 432 0
w 1024 384 1024 1024 0
w 896 384 896 432 0
w 864 560 864 976 0
w 896 560 896 736 0
150 976 560 976 432 0 3 0 5
w 928 384 928 400 0
150 1072 560 1072 432 0 3 0 5
w 928 400 1072 400 0
w 1072 400 1072 432 0
w 960 560 960 832 0
w 976 560 976 736 0
w 992 560 992 688 0
w 1056 560 1056 976 0
w 1072 560 1072 928 0
w 1088 560 1088 688 0
w 896 736 976 736 0
w 976 736 1376 736 0
w 992 688 1088 688 0
w 1088 688 1184 688 0
w 960 832 1152 832 0
w 864 976 1056 976 0
w 1056 976 1168 976 0
w 1072 928 1280 928 0
w 1024 1024 1216 1024 0
w 784 432 800 432 0
w 800 432 800 384 0
w 784 384 784 416 0
w 496 384 736 384 0
w 752 400 752 384 0
w 688 416 688 432 0
w 592 400 592 432 0
w 944 384 1024 384 0
x 738 281 751 284 4 24 e
x 930 285 936 288 4 24 f
x 504 413 541 416 4 24 AD'
x 604 426 636 429 4 24 AB
x 700 445 763 448 4 24 A'B'D'
x 792 459 851 462 4 24 A'CD'
x 889 461 926 464 4 24 BC'
x 959 375 975 378 4 24 A
x 1032 394 1087 397 4 24 BCD'
x 907 425 971 428 4 24 A'C'D'
152 1184 384 1184 272 0 4 5 5
w 880 0 880 240 0
w 880 240 1184 240 0
w 1184 240 1184 272 0
150 1168 560 1168 432 0 3 0 5
w 1168 384 1168 432 0
150 1360 560 1360 432 0 2 0 5
150 1264 560 1264 432 0 2 0 5
w 1152 384 1152 432 0
w 1152 432 1216 432 0
w 1216 432 1216 1024 0
w 1152 560 1152 832 0
w 1168 560 1168 976 0
w 1184 560 1184 688 0
w 1248 560 1248 784 0
w 1280 560 1280 928 0
w 1344 560 1344 976 0
w 1376 560 1376 736 0
w 1200 384 1200 416 0
w 1200 416 1264 416 0
w 1264 416 1264 432 0
w 1216 384 1360 384 0
w 1360 384 1360 432 0
w 1184 688 1424 688 0
w 1248 784 1424 784 0
w 1376 736 1424 736 0
w 1152 832 1424 832 0
w 1168 976 1344 976 0
w 1280 928 1424 928 0
w 1344 976 1424 976 0
w 1216 1024 1424 1024 0
x 1198 254 1211 257 4 24 g
x 1124 380 1140 383 4 24 A
x 1103 462 1161 465 4 24 A'BD'
x 1234 378 1271 381 4 24 BC'
x 1210 409 1247 412 4 24 B'C
